100
1670000 1274205
1730265 146568
1788313 343584
708686 1148337
26846 1955062
828485 1111899
678029 464569
1375299 1547053
636894 1677760
1465028 1466261
1300925 1870769
749148 1727034
398219 956292
731006 1359297
1857900 395843
956301 1562695
191352 1207870
230567 14460
1551454 1425764
1649307 99605
1415620 999096
1698014 614953
1463665 1108108
196800 135354
1307172 1661828
122919 642891
88695 1358577
891229 486914
836173 143540
367516 728868
539383 1323817
326357 1217245
1052991 1043434
1231705 1125749
503992 1402316
1711864 1919613
436206 1444673
569360 421176
1074085 1252671
1043040 416051
1435803 1165959
1545452 1524499
1045841 471475
532717 1882014
615015 900233
645676 1640908
745354 1458543
892948 1798345
1023282 645957
1445399 1527274
83068 1192057
2985 1005784
671524 1058856
1426960 1745609
346321 504794
682964 303428
192058 263210
1827927 1724409
1221196 881949
1641217 1836211
1782182 808198
33218 562331
788045 926166
881980 1811327
93427 362173
1859906 663005
1554231 1862891
1668790 747059
1443051 1617054
1013973 1789372
643153 1696937
614105 1321721
481452 963336
1080924 1702648
1845285 1243445
1573653 1662262
572947 1606871
745897 1360993
1054341 149181
1693624 1634279
511355 109628
332078 586890
493824 522172
1820459 1936875
660531 869226
282346 1303684
1087468 896451
660199 1568920
1859787 1741123
1306362 1739867
1505872 914809
1923433 113614
1042985 704124
1474607 618630
1339815 1689535
774213 1851170
1799164 1592802
959364 327782
149768 1301128
785961 1296809
